-1.1036144434699195
-1.5581106214811131
1.9009331688497226
4.913078314442835
2.0804673653927264
-2.0530651301158387
-0.08724027346673457
-1.4025338174848188
-3.5745190710617143
2.896972133318131
-4.575055735883067
2.747790668433926
-4.25419345491535
-1.6184686847272298
-2.681098969120555
3.32304462720796
-1.024280915781281
-1.7410619939162584
0.958943155362726
6.105388707160599
2.840365317304639
-2.541107762973619
2.742277360029808
3.1217123059621783
-4.64296993536912
0.013101119050202616
-0.39862209769208223
5.13339366826372
0.6862454050794332
0.48850916316773607
-1.7805431747815585
1.4949351415047463
1.4473814863315915
-5.040410970324951
-0.7682667278985243
-2.554213865607741
3.1605223860555838
5.18482117712299
-0.14659271740491486
-3.216093551127681
0.37973129047495024
-2.5454661022084615
-3.716688007149227
2.7693917756470334
-4.83185175279658
2.554652608575044
-4.633519865502288
-2.129144998478996
-0.9262994929498776
2.9130352067065535
-1.7875793427613895
-1.924133978792683
0.08964511901431191
6.436881196388017
2.1791600154506026
-2.140264976610363
2.7565954883267776
3.3263422452249527
-4.558460574503696
0.24106295241019232
-0.4755988884685953
5.480631884162681
-0.9340845080768619
-0.3142916412814354
-2.1062534237579578
2.900005352289524
0.6114856641494907
-4.092802000918909
