-0.23860140811530314
0.4637310192284053
-0.3489843289920906
1.1847851456428469
-0.07172707059066959
0.4571487394973634
-0.34504726011707354
0.08376183174839821
-0.5081680913801688
0.4144806116421242
-0.4413839748154124
0.9769876294730357
-0.39777853017855735
-0.09774230405320354
-0.6703881394506022
-0.08333556323930685
-0.2748695606925757
-0.27771147045388844
0.10603635722479338
0.8800948446344697
0.2647918507572823
-0.18485575431124218
-0.8024643891848657
0.9148081437727057
0.02684434319628402
0.38902613738171643
-0.14535158301854667
0.7458782756405823
-0.24315500150846533
-0.2684058579211517
-0.433585788080495
0.0938583759383111
-0.12432547985553039
-0.8113034044185731
-0.2607277957477169
0.22286619525347037
-0.28854887238193605
1.1229047999666437
-0.07683791574688402
0.42676748837104495
-0.28812042040163277
0.13009916855312623
-0.6164278883498977
0.37217773958243416
-0.49137717880056875
1.0633084336401788
-0.245371484697405
-0.16560929457723808
-0.33842145162003745
0.08798917291420486
-0.5995259750756327
-0.3229845520306653
0.07567923411069935
0.9096597448972606
0.27803477768710305
-0.17914142869201335
-0.7076934839730995
0.8798941948273613
-0.19820769933476376
0.4574610280712199
-0.3131602391325834
0.7072487101256163
-0.2565505594780832
-0.030579774055142905
-0.5980043100896321
0.10842152878649196
-0.14211357010309325
-0.9561566678994173
