-1.5120913
-2.9664001
-1.080794
-0.13222404
-1.1642418
-1.7042768
-1.3079052
-1.8314118
-2.652805
-0.28699523
-2.978396
-0.63595825
-3.1600208
-1.413043
-1.9892223
-0.4787029
-1.4552717
-2.2857134
-1.2599006
0.21664555
-0.1938975
-2.6926594
-1.0453204
-0.6767113
-3.3305511
-1.9398357
-1.519256
-0.16282466
-0.6877948
-0.97331774
-1.5442406
-1.065173
-0.8177391
-2.7894318
-1.3738953
-2.6564038
-1.0373679
0.13584186
-1.2778089
-1.8682232
-1.1455575
-1.8752548
-2.6541924
-0.47813755
-3.1348405
-0.444932
-3.2685552
-1.9908425
-1.7679209
-0.55324227
-1.2194817
-2.5823798
-1.7277057
0.32625183
-0.20345064
-2.8210537
-0.8340846
-0.45165914
-3.1632988
-1.924146
-1.5204699
-0.2721105
-0.5029537
-1.2136621
-1.7402011
-0.8900012
-0.8573867
-2.5734382
