5.113907
3.8996017
5.184853
3.1032746
3.859662
3.5726175
5.044623
4.414744
6.159374
3.0679545
5.993081
2.8504162
6.1544065
4.7652454
4.5454764
4.6502414
4.768032
5.5540223
3.904342
2.5407255
3.6492667
4.727144
5.53526
2.8861117
4.8581243
4.1246963
4.575452
2.7383492
4.3438315
4.891325
5.7485175
3.0712724
3.8328981
6.081199
5.5836024
4.16529
4.9359207
2.6022804
3.3195505
4.0668697
5.0745497
4.087699
5.963314
3.2533655
6.518296
2.7132537
6.323699
5.13637
4.2852883
4.3045745
5.144047
5.9131007
4.2241817
2.7579806
3.6392562
4.8492775
5.595645
2.4367821
5.066815
4.3660765
5.4440722
2.5186863
4.2562838
4.4834733
6.3893433
2.8562653
3.7938783
6.0102506
